no change     /home/alex/archiconda3/condabin/conda
no change     /home/alex/archiconda3/bin/conda
no change     /home/alex/archiconda3/bin/conda-env
no change     /home/alex/archiconda3/bin/activate
no change     /home/alex/archiconda3/bin/deactivate
no change     /home/alex/archiconda3/etc/profile.d/conda.sh
no change     /home/alex/archiconda3/etc/fish/conf.d/conda.fish
no change     /home/alex/archiconda3/shell/condabin/Conda.psm1
no change     /home/alex/archiconda3/shell/condabin/conda-hook.ps1
no change     /home/alex/archiconda3/lib/python3.7/site-packages/xontrib/conda.xsh
no change     /home/alex/archiconda3/etc/profile.d/conda.csh
no change     /home/alex/.bashrc
No action taken.
0.20692169600033594
0.011055136000322818
0.006926112000201101
0.005491007999808062
0.008456031999685365
0.030001439999978174
0.0062726719997954206
0.02135411200015369
0.005862367999725393
0.016187295999770868
0.01044300800003839
0.022537568000188912
0.006042336000064097
0.007335040000270965
0.013340384000002814
0.014199327999904199
0.0027992320001430926
0.00933251200012819
0.016676671999903192
0.010638623999966512
0.01315084800035038
0.014896671999849787
0.013963072000024113
0.014666175999991538
0.001454175999697327
0.026801311999861355
0.003870463999646745
0.004240704000039841
0.00288438400002633
0.002780863999760186
0.0017744639999364153
0.0039044479999574833
0.0016363520003324084
0.0029192639999564562
0.0016541760001018702
0.002608768000300188
0.018870912000238604
0.002996447999976226
0.0014927679999345855
0.01743417599982422
0.008244192000347539
0.0027038399998673412
0.0017291200001636753
0.0034724800002550182
0.0018554559997028264
0.0028902399999424233
0.0015439039998454973
0.0026396480002404132
0.0014937920000193117
0.0032796479999888106
0.0016861119997884089
0.002994271999796183
0.002495807999821409
0.0027573439997468085
0.019116800000119838
0.002813088000038988
0.00454316800005472
0.0028213120003783843
0.0027497599999151134
0.0018508799998926406
0.0026297279996470024
0.0015071679999891785
0.01628374400024768
0.014437887999974919
0.002636960000018007
0.020485791999817593
0.004839839999931428
0.01296684799990544
0.001991103999898769
0.003275680000115244
0.010739647999798763
0.008029024000279605
0.005522336000012729
0.010609760000079405
0.006054272000255878
0.01155103999963103
0.005662688000029448
0.02317315200025405
0.005545504000110668
0.011297024000214151
0.005224192000241601
0.013454464000005828
0.005262495999886596
0.010915360000126384
0.011753151999982947
0.011154368000006798
0.007558144000086031
0.012389568000344298
0.006006176000028063
0.011460991999683756
0.004920832000152586
0.015452768000159267
0.008787071999904583
0.010277920000135055
0.004998783999781153
0.02006208000011611
0.0077942719999555266
0.014915743999608821
0.014302623999810749
0.04484761599997
0.13508111999999528
0.13337491199990836
0.0017565440002726973
0.005711872000119911
0.011075328000060836
0.03458684799988987
0.009594688000106544
0.027971552000053634
0.006188223999743059
0.015853375999995478
0.015613183999903413
0.015010591999725875
0.008483776000048238
0.009527967999929388
0.006021984000199154
0.011574143999951048
0.008522336000169162
0.013589023999884375
0.00907472000017151
0.008801535999737098
0.008265664000191464
0.00640185600013865
0.008115423999697668
0.011185855999883643
0.011207935999664187
0.010428544000205875
0.009657984000114084
0.007851519999803713
0.012373183999898174
0.004096703999948659
0.0128116159999081
0.006789535999814689
0.015515168000092672
0.004586175999975239
0.01376399999981004
Starting AlexTelepath ...
0.008505344000241166
0.003674880000289704
0.002241663999939192
0.0035918399998990935
0.001655935999679059
0.003961824000271008
0.0025312000002486457
0.0043620800001917814
0.001936160000241216
0.0041646399999990535
0.001663040000039473
0.004737055999612494
0.002301791999798297
0.0036336959997242957
0.0017875520002235135
0.0042314880001868005
0.0027282560004096013
0.004612767999788048
0.0019773120002355427
0.002377344000251469
0.0023942719999467954
0.0013994239998282865
0.0017926079999597277
0.00257104000002073
0.0022469440000350005
0.0025860799996735295
0.002210847999776888
0.0026272960003552726
0.00219126399997549
0.002831519999745069
0.002520191999792587
0.0020544320000226435
0.003288063999661972
0.0014873919999445206
0.0030246720002651273
0.0015677760002290597
0.0035667519996422925
0.0016743680002946348
0.002757952000138175
0.0016988480001600692
0.002120384000136255
0.0023546880001958925
0.0021252800002002914
0.002647360000082699
0.002296831999956339
0.002606111999739369
0.004996224000024085
0.01061347199993179
0.010396352000043407
0.010112383999967278
0.014931392000107735
0.006936992000191822
0.00856201599981432
0.009894463999899017
0.011686560000271129
0.007899808000274788
0.010429600000406936
0.013431712000055995
0.007382400000096823
0.009284480000133044
0.008428191999882984
0.01316134399985458
0.006503520000023855
0.013470240000060585
0.006705856000280619
0.01841091200003575
0.0027915840000787284
0.009751904000040668
0.011761631999888778
0.009616064000056213
0.008851615999901696
0.009206144000017957
0.009916095999869867
0.011086623999744916
0.008384320000004664
0.010877759999857517
0.009074336000139738
0.010763199999928474
0.00906396800019138
0.01081296000029397
0.009098592000100325
0.010684864000268135
0.009604320000107691
0.009931615999903443
0.010317792000023474
0.00946611200015468
0.009819935999985319
0.010052511999674607
0.009879360000013548
0.010031775999777892
0.01051897600018492
0.009931712000252446
0.009729567999784194
0.011417472000175621
0.008690176000072825
0.010393280000243976
0.010089568000239524
0.010424768000120821
0.010564767999767355
0.010452703999817459
0.011100352000084968
0.0068031359996894025
0.01257859199995437
0.008612768000148208
0.008429728000010073
0.010904224000114482
0.010137855999801104
0.008900511999854643
0.01116204799973275
0.014221439999801078
0.006937952000043879
0.00815305600008287
0.011337504000039189
0.009436352000193438
0.017488543999661488
0.005111520000355085
0.010347712000111642
0.007847616000162816
0.010599264000120456
0.00758838400042805
0.01264630399964517
0.007601727999826835
0.01113145599993004
0.01152230400020926
0.014545823999924323
0.007109759999821108
0.006468479999966803
0.017255071999898064
0.003704352000113431
0.008129919999646518
0.01161913599980835
0.008148928000082378
0.012607520000074146
0.008543936000023677
0.00998511999978291
0.009483135999744263
0.01102723199983302
0.010453408000103082
0.010636543999680725
0.007604255999922316
0.010933887999726721
0.010029759999724774
0.015521664000061719
0.00266671999997925
0.012178079999557667
0.00940844799970364
0.011785471999701258
0.009148128000106226
0.009553247999974701
0.00980931200001578
0.013203360000261455
0.005593024000063451
0.010773055999834469
0.01030774399987422
0.009596608000265405
0.013018720000218309
0.0077219519998834585
0.007132927999919048
0.01515183999981673
0.0052080959999329934
0.012048831999891263
0.009003904000110197
0.011314079999920068
0.007921535999685148
0.012126399999942805
0.00989423999999417
0.012422656000126153
0.012121535999995103
0.0022805119997428847
0.013850144000116416
0.009836960000029649
0.008806655999705981
0.008634847999928752
0.011666880000120727
0.008674879999944096
0.009398975999829418
0.012426111999957357
0.01099984000029508
0.006482303999746364
0.00940188799995667
0.010547647999828769
0.009613568000077066
0.01132627200013303
0.009936928000115586
0.010873088000153075
0.008492416000080993
0.011751072000151908
0.008077919999777805
0.012256704000265017
0.008661951999783923
0.010991071999796986
0.009237920000032318
0.01078652800015334
0.008700607999799104
0.011791104000167252
0.0077734719998261426
0.011195263999979943
0.010660351999831619
0.008667615999911504
0.009216063999701873
0.017249952000383928
0.005254623999917385
0.012581504000081623
0.005386432000250352
0.01086457600013091
0.010609440000280301
0.008849664000081248
0.00915539199968407
0.012968959999852814
0.006686976000310096
0.012125568000101339
0.008128224000301998
0.011493504000100074
0.007648832000086259
0.012020767999729287
0.008500704000198311
0.011555232000318938
0.007983232000242424
0.01197465600034775
0.00796396800024013
0.01293152000016562
0.011891552000179217
0.0075467520000529476
0.008073984000020573
0.010837759999958507
0.011428383999827929
0.008414111999627494
0.00940844799970364
0.010463072000220563
0.009004256000025634
0.017115455999828555
0.0017901119999805815
0.011613407999902847
0.009037024000008387
0.011608864000208996
0.008690463999755593
0.011203519999980927
0.008185407999917516
0.010336928000015178
0.009480607999648782
0.009764800000084506
0.011266239999713434
0.008825440000236995
0.011497280000185128
0.01116416000013487
0.009030975999849034
0.00933545599991703
0.014833312000064325
0.010783872000047268
0.0047137920000750455
0.009965663999992103
0.008525727999767696
0.011969151999892347
0.010486559999662859
0.00979782400008844
0.007393792000129906
0.014096960000188119
0.0051538239999899815
0.011172768000051292
0.010639999999966676
0.010270111999943765
0.008180191999599629
0.012724768000225595
0.007028063999769074
0.011821344000054523
0.009784031999970466
0.014504096000109712
0.004701184000168723
0.016163072000381362
0.007001023999691824
0.010970528000143531
0.005781599999863829
0.012647360000300978
0.009530527999686456
0.009608415999991848
0.007578336000278796
0.011556256000403664
0.008648384000025544
0.011383328000192705
0.00944835200016314
0.012258400000064285
0.008026911999877484
0.011365920000116603
0.006918816000052175
0.010564287999841326
0.010152351999749953
0.010371200000008685
0.010856736000278033
0.009854720000021189
0.013988703999984864
0.007208544000150141
0.0075528639999902225
0.011772928000027605
0.009369087999857584
0.012714303999928234
0.007264640000357758
0.010637247999966348
0.008817760000056296
0.011825152000255912
0.009889983999983087
0.010749919999852864
0.009094592000110424
0.009648704000028374
0.008640351999929408
0.010969504000058805
0.007794943999670068
0.013396415999977762
0.007210784000108106
0.010925247999693966
0.009067231999779324
0.009722911999688222
0.009685919999810721
0.010401727999578725
0.009478144000240718
0.00978780800005552
0.009883647999686218
0.01009468799975366
0.010787328000333218
0.009270464000110223
0.010628383999573998
0.008993440000267583
0.010765535999780695
0.011578304000067874
0.008244831999945745
0.009644864000165398
0.011160768000081589
0.008408383999721991
0.010216543999831629
0.010428831999888644
0.012689024000337668
0.01076976000013019
0.006017599999722734
0.010168255999815301
0.010422335999919596
0.014138175999960367
0.013013408000006166
0.005394271999648481
0.009109952000017074
0.01057420799997999
0.007745824000267021
0.010900767999828531
0.00917206400026771
0.010838528000022052
0.01650348799967105
0.003685279999899649
0.010006624000197917
0.009996320000027481
0.009386719999838533
0.010271807999743032
0.00867779200007135
0.013985375999709504
0.006946400000288122
0.010695519999899261
0.00923183999975663
0.0141640639999423
0.006606815999930404
0.012603871999999683
0.005995743999847036
0.013496607999968546
0.006365151999943919
0.011863936000281683
0.00818918400000257
0.01319913599991196
0.007686848000048485
0.00977257600015946
0.008903487999759818
0.012197728000046482
0.00812729599965678
0.009553087999847776
0.010048992000065482
0.012847104000229592
0.0077118399999562826
0.01353596800026935
0.006316703999800666
0.019405984000059107
0.0016733119996388268
0.011038240000289079
0.009407263999946736
0.010197663999861106
0.008322943999701238
0.013083615999676113
0.007197408000138239
0.009427840000171273
0.009074496000266663
0.011082559999977093
0.00923183999975663
0.01002291199984029
0.009348735999992641
0.010455296000145609
0.010778047999792761
0.008853024000018195
0.009715807999782555
0.011441215999639098
0.008574527999826387
0.010775167999781843
0.012038144000143802
0.009672384000168677
0.008875487999830511
0.009232255999904737
0.010347167999952944
0.009496736000073724
0.009546880000016245
0.009728351999910956
0.013165343999844481
0.007553120000011404
0.00982406399998581
0.009748127999955614
0.009646911999880103
0.010482335999768111
0.010453983999923366
0.011651007999716967
0.007865344000038021
0.013815327999964211
0.01134579199970176
0.007802111999808403
0.00790895999989516
0.012080319999768108
0.012570944000344753
0.006446655999752693
0.00844156799985285
0.01079011200044988
0.008947648000230402
0.012149344000135898
0.010200480000094103
0.00665711999999985
0.013343584000267583
0.009757792000073096
0.008798207999916485
0.010295168000084232
0.009281824000026972
0.010417695999876742
0.009462944000006246
0.010300287999598368
0.009699616000034439
0.011276447999989614
0.009207936000166228
0.014379456000369828
0.004172512000423012
0.012318592000156059
0.007350015999691095
0.01187772799994491
0.00919276800004809
0.011213536000013846
0.009064096000201971
0.010349568000037834
0.008728512000288902
0.01238630399984686
0.007658400000309484
0.013573984000231576
0.007014719999915542
0.012004608000097505
0.009213024000018777
0.015233984000133205
0.003802048000125069
0.009157823999885295
0.009938623999914853
0.009915231999912066
0.014090464000219072
0.005381535999731568
0.010115263999978197
0.00991680000015549
0.00991513600001781
0.00993603200004145
0.014244319999761501
0.005440543999611691
0.011080832000061491
0.009318368000094779
0.010060128000077384
0.009823584000059782
0.00945344000001569
0.01021353599981012
0.01002156799995646
0.010698816000058287
0.013956511999822396
0.006137471999863919
0.009287840000069991
0.009741823999775079
0.010258047999741393
0.010301152000010916
0.011039808000077755
0.010073760000068432
0.007923808000214194
0.010150111999791989
0.010964191999846662
0.012303200000133074
0.00752383999997619
0.009590656000000308
0.010516896000353881
0.012079487999926641
0.008126847999847087
0.010514015999888215
0.008674624000377662
0.011551296000106959
0.008503360000304383
0.014616288000070199
0.0049022399998648325
0.012085344000297482
0.008402048000334617
0.011918304000118951
0.00783084799968492
0.011666272000184108
0.00900495999985651
0.01152179199971215
0.008029311999962374
0.011293183999896428
0.009363104000385647
0.010658111999873654
0.007849984000131371
0.014187455999945087
0.007382079999842972
0.0105559040002845
0.00912006399994425
0.014486944000054791
0.006250431999887951
0.0096867199999906
0.008593951999955607
0.0112776640003176
0.008152352000251994
0.011219999999866559
0.008709088000159682
0.012669023999933415
0.013368447999710042
0.006667648000075133
0.007954143999995722
0.011708991999967111
0.007964416000049823
0.011575007999908848
0.008137792000070476
0.010489632000371785
0.01000435199966887
0.009392127999944933
0.010161471999708738
0.009968672000013612
0.01097881600026085
0.008793120000063936
0.011129856000025029
0.01030265600002167
0.012412544000198977
0.006359263999911491
0.00966175999974439
0.010213919999841892
0.00978393600007621
0.012268735999896307
0.007867712000006577
0.01021446400000059
0.009535968000363937
0.010202815999946324
0.009761727999830327
0.011674655999740935
0.009333951999906276
0.009164447999864933
0.011984448000021075
0.007786816000134422
0.010856735999823286
0.009264448000067205
0.009855775999767502
0.01222371199992267
0.009403615999872272
0.008413183999891771
0.009929568000188738
0.011561887999960163
0.009645376000207762
0.012311487999795645
0.006769600000097853
0.013666624000052252
0.006218431999968743
0.012535039999875153
0.00877526400017814
0.011774976000197057
0.00799795200009612
0.012517216000105691
0.008614175999809959
0.008729695999591058
0.008750560000407859
0.011276480000105948
0.009515904000181763
0.011913887999980943
0.007380192000255192
0.011451104000116175
0.010219744000096398
0.010343072000068787
0.010820607999903586
0.008531455999673199
0.008729248000236112
0.016864319999967847
0.0026236799999423965
0.011907743999927334
0.008592703999966034
0.014466879999872617
0.007171104000008199
0.012217823999890243
0.006407167999896046
0.012184671999875718
0.007722655999714334
0.01653600000008737
0.003677151999909256
0.01081817600015711
0.009525792000204092
0.011751296000056755
0.008404767999763862
0.011516064000261395
0.008254368000052636
0.012136319999626721
0.008538527999917278
0.009477919999881124
0.008872224000242568
0.011195999999927153
0.009695680000277207
0.009907040000143752
0.009979552000004333
0.010251136000078986
0.009024288000091474
0.009833471999627363
0.00993750399993587
0.01068784000017331
0.010327135999887105
0.008970591999968747
0.010625376000007236
0.009321663999799057
0.01006409599995095
0.011711296000157745
0.007922943999801646
0.009913632000007055
0.009963328000139882
0.009550847999889811
0.010181631999785168
0.00990771200031304
0.010433183999793982
0.009384831999796006
0.010091583999837894
0.010821343999850797
0.010401280000223778
0.011543904000063776
0.011103199999979552
0.008094656000139366
0.008929151999836904
0.010570911999820964
0.01307052800029851
0.007134239999686542
0.008160991999830003
0.01216748800015921
0.008732992000204831
0.012350687999969523
0.008511487999840028
0.016248320000158856
0.001987615999951231
0.01169852799966975
0.008404191999943578
0.010957791999771871
0.008615104000000429
0.013784704000045167
0.006121119999988878
0.01312915200014686
0.007455103999745916
0.01347580800029391
0.006941279999864491
0.010618911999699776
0.008158111999819084
0.012811776000035024
0.007829791999938607
0.01072128000032535
0.00898899200001324
0.013073183999949833
0.007264959999702114
0.011538656000084302
0.007628096000189544
0.013094400000227324
0.00688399999989997
0.011274752000190347
0.00923443200008478
0.011537024000062956
0.009427424000023166
0.00791468800025541
0.011066143999869382
0.008466623999993317
0.011100895999788918
0.010956736000025558
0.00842032000036852
0.012041888000112522
0.012944351999976789
0.00489631999971607
0.010756384000160324
0.0112597120000828
0.007823744000234
0.01017033599964634
0.0108882879999328
0.010409791999791196
0.009347455999886733
0.009442848000162485
0.00999545600006968
0.011052543999994668
0.008638175999749365
0.01011004799966031
0.009543231999941781
0.00982412800021848
0.010330143999908614
0.012074175999714498
0.008910816000025079
0.012163871999746334
0.007885919999807811
0.009176095999919198
0.010149344000183191
0.00984368000035829
0.010060063999844715
0.008979711999927531
0.011621824000030756
0.012795392000043648
0.0064770240001053025
0.013554720000229281
0.009740255999986402
0.008420511999702285
0.008076256000094872
0.011245248000250285
0.009641311999985192
0.011290368000118178
0.008203616000173497
0.009661983999649237
0.010648288000083994
0.011997088000043732
0.0074464000003899855
0.010954144000152155
0.010145983999791497
0.009862431999863475
0.009044863999861263
0.011660736000067118
0.008310303999678581
0.01173843200012925
0.008126207999794133
0.012031360000037239
0.007533856000009109
0.011857984000016586
0.008285760000035225
0.009610688000066148
0.010361535999891203
0.009129951999966579
0.011427871999785566
0.011211807999643497
0.008634207999875798
0.010470335999798408
0.009544000000005326
0.010118880000391073
0.0085425919996851
0.012524864000170055
0.008328991999860591
0.009105888000249251
0.011577696000131255
0.00845452799967461
0.011084671999924467
0.011363487999915378
0.00742515199999616
0.010493952000160789
0.009463072000016837
0.011081088000082673
0.010579839999991236
0.010107904000051349
0.00985244799994689
0.01029471999981979
0.008432319999883475
0.011691584000345756
0.009466143999816268
0.010428544000205875
0.007663104000130261
0.01221503999977358
0.008066559999861056
0.011214688000109163
0.009887519999665528
0.0098383679996914
0.009443615999771282
0.009662720000051195
0.010443808000218269
0.009973119999813207
0.010306912000032753
0.009813407999899937
0.008710240000254998
0.010111808000146993
0.014676960000088002
0.004907296000055794
0.01109833600003185
0.008806815999832907
0.010359520000292832
0.010029088000010233
0.01340550400027496
0.008618335999926785
0.010304959999757557
0.009120287999849097
0.008179552000001422
0.01330643199980841
0.008277920000182348
0.010167072000058397
0.009590975999799412
0.008801855999990948
0.010207295999862254
0.00944982400005756
0.011114688000361639
0.012839135999911377
0.006287296000209608
0.012529920000361017
0.008636800000203948
0.011859423999794672
0.0100054720001026
0.0067283200000929355
0.0107485439998527
0.010773760000120092
0.009652287999870168
0.01088534400014396
0.008968768000158889
0.008976575999895431
0.0117552000001524
0.010202720000052068
0.008890848000191909
0.010927199999969162
0.008600319999914063
0.012101088000235904
0.007573215999855165
0.0115064319998055
0.008452544000192574
0.012704799999937677
0.00784825600021577
0.011451935999957641
0.008618399999704707
0.01079052800014324
0.008591519999754382
0.011144640000111394
0.009274592000110715
0.01128835200006506
0.008507424000072206
0.0118747199999234
0.008324895999976434
0.011778495999806182
0.007879616000082024
0.01279305599973668
0.007125376000203687
0.01037228800032608
0.009368479999920964
0.010927616000117268
0.00921340800005055
0.010734144000252854
0.00937231999978394
0.01086544000008871
0.009397024000008969
0.010438752000027307
0.008697504000338085
0.012380128000131663
0.007986688000073627
0.009648064000430168
0.012073055999735516
0.007822976000170456
0.010212287999820546
0.010424864000015077
0.008956160000252567
0.009936736000327073
0.009989535999920918
0.009756832000221038
0.011377375999927608
0.009121056000367389
0.010714720000123634
0.011798976000136463
0.006413855999653606
0.01320915199994488
0.007304287999886583
0.011939455999709025
0.007997855999747117
0.011962399999902118
0.009893376000036369
0.008053663999817218
0.010726399999839487
0.00871584000014991
0.012811552000130177
0.008368095999685465
0.00988515200015172
0.009779232000255433
0.010734943999977986
0.009122655999817653
0.009568768000008276
0.009821375999763404
0.011342495999997482
0.011547168000106467
0.008359967999695073
0.010867968000184192
0.0088941120002346
0.009340127999621473
0.009891391999644839
0.010151200000109384
0.010165535999931308
0.011292159999811702
0.009218816000156949
0.012334367999756068
0.00665839999965101
0.011284063999937644
0.009467840000070282
0.01118607999978849
0.009187264000047435
0.01173049599992737
0.007414335999783361
0.012049343999933626
0.008992544000193448
0.01107616000035705
0.008016767999833974
0.011094783999851643
0.008588192000388517
0.010153791999982786
0.009881215999939741
0.011891903999639908
0.00818243200001234
0.010948384000130318
0.008780799999840383
0.013584831999651215
0.006378719999702298
0.010716832000071008
0.008888480000223353
0.014470816000084596
0.006447712000408501
0.010523712000122032
0.011536927999713953
0.008026687999972637
0.009222975999819027
0.01047926399996868
0.010894112000187306
0.00827852799966422
0.010548159999871132
0.00910336000015377
0.011045472000205336
0.009347199999865552
0.010002752000218607
0.009485472000051232
0.010272768000049837
0.010730559999956313
0.01203983999994307
0.007060223999815207
0.009347488000003068
0.012434816000222781
0.00765817599994989
0.012176863999684429
0.008200383999792393
0.013197759999911796
0.006782431999909022
0.009773759999916365
0.01270156800001132
0.007536640000125772
0.010158688000046823
0.010983904000113398
0.009231327999714267
0.016865055999915057
0.0033756160000848467
0.011416479999752482
0.007707903999744303
0.009951775999979873
0.009802655999919807
0.012515679999978602
0.00767446400004701
0.012178720000065368
0.008395071999984793
0.009101216000090062
0.010274784000102954
0.010460512000008748
0.010430943999836018
0.010761215999991691
0.011065119999784656
0.009943935999672249
0.0068592000002354325
0.01321910399974513
0.006809471999986272
0.012918047999846749
0.0070031999998718675
0.011804767999819887
0.009964767999917967
0.010022655999819108
0.008520096000211197
0.011364575999778026
0.008210559999952238
0.011130239999602054
0.00943568000002415
0.011816191999969305
0.007978495999850566
0.010000576000038564
0.009980928000004496
0.010017344000061712
0.010087231999932555
0.011120544000277732
0.008063935999871319
0.010139007999896421
0.010073792000184767
0.010274464000303851
0.010151264000342053
0.00957702400000926
0.009870847999991383
0.010031968000021152
0.009459551999952964
0.01101907200018104
0.009620960000120249
0.010379360000115412
0.009665951999977551
0.012945823999871209
0.0067639680000866065
0.009859168000275531
0.010588063999875885
0.009659232000103657
0.010819328000252426
0.009159584000371979
0.010237535999749525
0.009350432000246656
0.010052544000245689
0.010160064000046987
0.009565088000272226
0.013291839999965305
0.006815616000039881
0.0107516799998848
0.009669216000020242
0.011201343999800883
0.009087775999887526
0.011719232000359625
0.008276735999970697
0.00939948799987178
0.009980671999983315
0.010607008000079077
0.009761440000147559
0.00991347199988013
0.009632000000237895
0.011667104000025574
0.008057439999902272
0.011934719999771914
0.007587839999814605
0.012558976000036637
0.0078112000001056
0.010551103999659972
0.010506272000384342
0.00921699200034709
0.01014348799981235
0.009680671999831247
0.010492320000139443
0.011025727999822266
0.008242080000400165
0.012160704000052647
0.00798960000020088
0.015087551999840798
0.004400223999709851
0.012180831999557995
0.008705343999736215
0.01095859199995175
0.008887135999884777
0.010328640000352607
0.011286112000107096
0.010574464000001171
0.007192384000063612
0.009452543999941554
0.010168576000069152
0.014388671999768121
0.00559644799977832
0.01190563199997996
0.008765311999923142
0.01051945600011095
0.008774815999913699
0.010365632000230107
0.009669951999967452
0.009267968000131077
0.010905535999881977
0.008850239999901532
0.010417663999760407
0.011550687999715592
0.00894812800015643
0.01094524799964347
0.008535999999821797
0.009920768000029057
0.01002470399998856
0.01043459199991048
0.009610080000129528
0.010250240000004851
0.010032736000084697
0.009645887999795377
0.012400223999975424
0.007925824000267312
0.01076524799964318
0.00951571200039325
0.009891392000099586
0.009916512000017974
0.008832512000026327
0.014988672000072256
0.004903455999738071
0.010612384000069142
0.009453695999582123
0.012347295999916241
0.007383712000319065
0.012468863999856694
0.008251935999851412
0.011959168000430509
0.008537248000266118
0.011346144000071945
0.008323743999881117
0.011185952000232646
0.009718656000131887
0.00997436799980278
0.008850207999785198
0.009808127999804128
0.009915999999975611
0.009627936000015325
0.009833311999955185
0.010217344000011508
0.010087808000207588
0.010997824000241962
0.009511136000128317
0.009363392000068416
0.011539903999619128
0.009451616000205831
0.009505151999746886
0.009330815999874176
0.011010623999936797
0.009286879999763187
0.01140761599981488
0.009554559999742196
0.009510847999990801
0.010005023999838158
0.00922889599996779
0.011029792000044836
0.00941104000003179
0.009964448000118864
0.009188384000026417
0.011108927999885054
0.009884864000014204
0.009836096000071848
0.011285920000318583
0.008861824000177876
0.01149420799993095
0.01226691200008645
0.006093791999774112
0.010371328000019275
0.008922399999846675
0.010399008000149479
0.009763391999968007
0.01014995200011981
0.00998624000021664
0.010932512000181305
0.009940448000179458
0.011476096000023972
0.008517696000126307
0.008901312000034522
0.012050079999880836
0.007266944000093645
0.011135839999951713
0.009898560000237921
0.009887168000204838
0.009751071999744454
0.012406015999658848
0.008468544000152178
0.009343711999918014
0.013170495999929699
0.00634137599990936
0.010287520000019867
0.008939967999594955
0.013248320000002423
0.006707584000196221
0.01041708800039487
0.010776992000046448
0.009632064000015816
0.009048928000083833
0.010561472000063077
0.009556928000165499
0.00993916800007355
0.010750848000043334
0.00961795200009874
0.010669023999980709
0.010302975999820774
0.009314304000326956
0.009946143999968626
0.011885888000051636
0.008551359999728447
0.009124096000050486
0.012717407999844
0.008006495999779872
0.009028544000102556
0.010479583999767783
0.009611775999928795
0.010767040000246197
0.009905536000132997
0.010156383999856189
0.011086303999945812
0.008648800000173651
0.010027968000031251
0.010538143999838212
0.010636672000146064
0.00820854399989912
0.010085536000133288
0.010311552000075608
0.00980911999977252
0.009430112000245572
0.0103643520001242
0.009848224000052141
0.010056575999897177
0.01748911999993652
0.002395392000380525
0.010795904000133305
0.00930774400012524
0.010090399999626243
0.010198208000019804
0.010135455999716214
0.009319936000338203
0.012834399999974266
0.007133600000088336
0.013571680000040942
0.007513311999900907
0.00941865599997982
0.014018912000210548
0.005482080000092537
0.013739999999870633
0.008047840000017459
0.008362560000023223
0.01013094399968395
0.010062528000162274
0.011011839999810036
0.009374879999995755
0.011584127999867633
0.007004287999734515
0.010312991999853693
0.01118086399992535
0.009108063999974547
0.010147168000003148
0.010684512000352697
0.008895680000023276
0.010050432000298315
0.010102272000040102
0.01073331199995664
0.013894175999666913
0.005401407999670482
0.009532799999760755
0.010463392000019667
0.009957887999917148
0.009037920000082522
0.011119488000076672
0.008713183999589091
0.011709696000252734
0.008946368000124494
0.009345632000076876
0.009767328000179987
0.010395872000117379
0.010038848000021972
0.010667743999874801
0.010268288000133907
0.009052735999830475
0.010098335999828123
0.010698368000248593
0.009589952000169433
0.00961734400016212
0.01085049599987542
0.008875584000179515
0.0104773760003809
0.00982739200026117
0.01001414400025169
0.009978143999887834
0.010546976000114228
0.009746815999733371
0.012946975999966526
0.0065670080002746545
0.010512639999888052
0.009821824000027846
0.009868831999938266
0.010124096000254212
0.010793855999963853
0.009749471999839443
0.009970751999844651
0.009512511999673734
0.00985244799994689
0.009880928000256972
0.010093344000324578
0.010208864000105677
0.010284511999998358
0.008821439999792346
0.011892223999893758
0.009625376000258257
0.01005155199982255
0.009046111999850837
0.009423583999705443
0.01045535999992353
0.010049823999906948
0.009904863999963709
0.01047459199980949
0.009308799999871553
0.010930496000128187
0.00895900800014715
0.00949782400039112
0.010694944000078976
0.009325600000011036
0.010203871999692637
0.012270528000044578
0.007490143999802967
0.010711519999858865
0.00887942400004249
0.011747456000193779
0.008252384000115853
0.010492191999674105
0.012373888000183797
0.007506495999678009
0.009245983999790042
0.010898047999944538
0.009350496000024577
0.010200832000009541
0.009570240000357444
0.01023923200000354
0.010798400000112451
0.009235584000180097
0.013141056000222306
0.0066243520000170975
0.010109728000315954
0.012239231999956246
0.010381023999798344
0.007910783999705018
0.013173247999930027
0.006885280000005878
0.009931520000009186
0.01003097600005276
0.010327263999897696
0.010319456000161153
0.00888256000007459
0.010583264000160852
0.01123046400016392
0.00798320000012609
0.013109279999753198
0.006908127999849967
0.01176502399994206
0.011934752000342996
0.0060733759996765
0.010796639999625768
0.009939231999851472
0.015269024000190257
0.004438208000010491
0.00977987199985364
0.011890880000009929
0.007827039999938279
0.011049760000332753
0.009209280000050057
0.011254975999690942
0.008867263999945862
0.01020518399991488
0.010908351999660226
0.0090623040000537
0.009554975999890303
0.0098107839999102
0.009792511999876297
0.009886112000003777
0.009919103999891377
0.010230112000044755
0.010822432000168192
0.00968105599986302
0.00944950399980371
0.010601727999983268
0.010098815999754152
0.009530303999781609
0.011158143999637105
0.009510816000329214
0.009575263999977324
0.010117023999555386
0.009088064000025042
0.011305856000035419
0.01103263999993942
0.008134111999879678
0.01042444799986697
0.008972672000254533
0.0105661760003386
0.010852511999928538
0.008868032000009407
0.009776224000233924
0.009904512000048271
0.009892672000205494
0.010088639999594307
0.009821472000112408
0.010208159999820055
0.010105215999828943
0.009868544000255497
0.009560799999690062
0.010295680000126595
0.009671520000210876
0.014369984000040859
0.005352352000045357
0.010018687999945541
0.01065078400006314
0.009540863999973226
0.009608480000224517
0.014021664000210876
0.006588159999864729
0.011680800000249292
0.009498240000084479
0.008392000000185362
0.013128063999829465
0.007872159999806172
0.010481759999947826
0.013826911999785807
0.004903423999621737
0.010132127999895602
0.011070047999965027
0.008229247999679501
0.012018752000130917
0.008635072000288346
0.010557216000051994
0.008734495999760838
0.012048479999975825
0.008639424000193685
0.011226304000047094
0.009941759999946953
0.009863711999969382
0.009859232000053453
0.012209887999688362
0.007224479999877076
0.009785920000012993
0.0132294400000319
0.006908384000325896
0.010153919999993377
0.012133791999985988
0.007608928000081505
0.009925952000230609
0.009757440000157658
0.009603232000245043
0.01130851200014149
0.012404607999997097
0.00731539199978215
0.009393056000135402
0.01032102399994983
0.009337599999980739
0.010874560000047495
0.009595168000032572
0.00961775999985548
0.009722144000079425
0.009885599999961414
0.009849408000263793
0.0105906240000877
0.009695104000002175
0.009782527999959711
0.010564832000000024
0.009611296000002767
0.010123487999862846
0.010881471999709902
0.010573695999937627
0.008659871999952884
0.009061728000233416
0.010895392000293214
0.009477856000103202
0.00988403199971799
0.010302208000211976
0.00992220800026189
0.009155104000001302
0.011654496000119252
0.008729216000119777
0.009400096000263147
0.010537407999891002
0.011267967999629036
0.007873887999721774
0.010628575999817258
0.009572511999976996
0.009888319999845407
0.009775872000318486
0.011079423999944993
0.009957824000139226
0.01134505599975455
0.009420832000159862
0.008888639999895531
0.01283804800004873
0.006574944000021787
0.012194144000204687
0.008885344000191253
0.010219488000075216
0.008818591999897762
0.013474399999722664
0.007301023999843892
0.008772480000061478
0.011264767999819014
0.012206719999994675
0.007801695999660296
0.010358047999943665
0.008757920000334707
0.012886399999842979
0.006688511999982438
0.010950144000162254
0.010111807999692246
0.013784096000108548
0.0058463680002205365
0.011135807999835379
0.008886399999937566
0.010466592000284436
0.009420832000159862
0.01226064000002225
0.007228703999771824
0.010372928000379034
0.009813568000026862
0.010568000000148459
0.01064409600030558
0.008605663999787794
0.01016144000004715
0.012440576000244619
0.007559967999895889
0.010375136000220664
0.010903616000177863
0.009305055999902834
0.00986646399996971
0.011982592000094883
0.007981087999723968
0.009043775999998616
0.010098528000071383
0.010469951999766636
0.009584800000084215
0.010824831999798334
0.00972918400020717
0.009966975999759597
0.009917440000208444
0.012533023999822035
0.006551840000156517
0.010665119999885064
0.009093535999909363
0.010714912000366894
0.010379327999999077
0.00899119999985487
0.010413823999897431
0.009236735999820667
0.013138720000370085
0.006887775999985024
0.010351167999942845
0.009429920000002312
0.009653952000007848
0.010762880000129371
0.010844383999938145
0.008577344000059384
0.009842720000051486
0.010392896000212204
0.01026921599986963
0.011628672000369988
0.01036563199977536
0.007828384000276856
0.009681504000127461
0.011440031999882194
0.008749504000206798
0.012068640000052255
0.007868160000271018
0.01331049600003098
0.007742303999748401
0.00976371199976711
0.009490880000157631
0.010480416000063997
0.009748032000061357
0.012541248000161431
0.008074240000041755
0.01067321600021387
0.009071231999769225
0.010835808000138059
0.008127104000323015
0.011288768000213167
0.00835744000005434
0.011347904000103881
0.011589311999614438
0.008247711999956664
0.00925606400005563
0.010462912000093638
0.00978387199984354
0.010348479999720439
0.009436127999833843
0.00947039999982735
0.011461856000096304
0.00925907200007714
0.009307647999776236
0.01037241600033667
0.010375712000040949
0.009783647999938694
0.010491744000319159
0.010272096000335296
0.00875103999987914
0.009931455999776517
0.010426175999782572
0.00910083200005829
0.01053974400019797
0.009524351999971259
0.00969273600003362
0.010894047999954637
0.009648415999890858
0.00984502400024212
0.010584415999801422
0.010475071999735519
0.009245407999969757
0.009969791999992594
0.01090476800027318
0.00903139199999714
0.00976150399992548
0.012645280000015191
0.008302176000142936
0.00941939199992703
0.009947424000074534
0.010148063999622536
0.009269055999993725
0.010201695999967342
0.010234688000309689
0.009372703999815712
0.010108127999956196
0.009920383999997284
0.00989625599959254
0.010258367999995244
0.009645567999996274
0.010051552000277297
0.009795903999929578
0.010006624000197917
0.009837472000072012
0.011850943999888841
0.007904736000000412
0.011842591999993601
0.01008819200023936
0.011092255999756162
0.007176031999733823
0.012346399999842106
0.0076265600000624545
0.012148960000104125
0.007575967999855493
0.015486367999983486
0.005534303999866097
0.01142569600006027
0.008604255999671295
0.01241139200010366
0.007363551999787887
0.011017920000085724
0.011491104000015184
0.009106784000323387
0.008503839999775664
0.013915423999605991
0.007302143999822874
0.009523776000150974
0.008905856000183121
0.01007190400014224
0.010251328000322246
0.009841951999987941
0.009958335999726842
0.00978480000003401
0.0099960640000063
0.010236575999897468
0.00944489599987719
0.011102687999937189
0.010216895999747067
0.009277472000121634
0.00967939199972534
0.010212671999852319
0.010373535999860906
0.010794111999985034
0.008720480000192765
0.010461823999776243
0.009786432000055356
0.009767296000063652
0.009772895999958564
0.010631200000261742
0.009607424000023457
0.010383264000211057
0.009394943999723182
0.009717760000057751
0.01014515199995003
0.009940416000063124
0.009575743999903352
0.010366847999648598
0.00972630400019625
0.009932735999882425
0.010008704000028956
0.009906367999974464
0.010661792000064452
0.009611520000362361
0.009794432000035158
0.009802848000163067
0.010227199999917502
0.010194527999829006
0.009982047999983479
0.009400127999924734
0.010031775999777892
0.011218624000321142
0.008022047999929782
0.010359327999594825
0.009887168000204838
0.010531775999879756
0.009359648000099696
0.010049632000118436
0.01070207999964623
0.009318623999661213
0.009677120000105788
0.009954623999874457
0.011840480000046227
0.009738752000430395
0.008307680000143591
0.01653852800018285
0.003802943999744457
0.012176671999895916
0.007578751999972155
0.011046560000067984
0.009442560000024969
0.00994710400027543
0.009936959999777173
0.01079366400017534
0.009210111999891524
0.011255167999934201
0.00968691200023386
0.01049388799992812
0.010046112000054563
0.009483455999998114
0.009027263999996649
0.010623007999583933
0.009303327999987232
0.011560672000086925
0.009273183999994217
0.010242687999834743
0.011504415999752382
0.0073391680002714565
0.011121600000024046
0.009460031999878993
0.009695711999938794
0.011542591999841534
0.00876326399975369
0.011649472000044625
0.009436031999939587
0.008736064000004262
0.00991619200021887
0.011759456000163482
0.008408384000176738
0.010375872000167874
0.008793183999841858
0.01092006399994716
0.00945056000000477
0.010035168000285921
0.011290592000023025
0.009588735999841447
0.009287872000186326
0.010853856000267115
0.008510816000125487
0.009806143999867345
0.010223520000181452
0.010681728000236035
0.00915712000005442
0.010049600000002101
0.010994336000294425
0.009462720000101399
0.009490815999924962
0.00972230400020635
0.011424256000282185
0.00779699199983952
0.01043612800003757
0.010120288000052824
0.01006223999957001
0.010320319999664207
0.009712800000215793
0.010050431999843568
0.011280159999841999
0.008377087999633659
0.009768127999905118
0.010645664000094257
0.010119999999915308
0.009423264000361087
0.00978908799970668
0.010520256000290829
0.009404416000052152
0.011870880000060424
0.008271872000022995
0.009770432000095752
0.012093183999695611
0.011796351999691979
0.005938911999692209
0.011671488000047248
0.009696319999875413
0.011017343999810691
0.011146880000069359
0.007498623999708798
0.01084601599995949
0.008375967999654677
0.010414687999855232
0.010094400000070891
0.010203136000200175
0.0096033280001393
0.009217759999955888
0.011303807999865967
0.008888895999916713
0.01077203200020449
0.01054489599982844
0.010942784000235406
0.007933471999876929
0.010793920000196522
0.009353471999929752
0.011293599999589787
0.009676256000147987
0.010602336000374635
0.008480704000248807
0.011790271999871038
0.008823648000088724
0.009546688000227732
0.011591328000122303
0.008068768000157434
0.014528415999848221
0.005282271999931254
0.010264287999689259
0.00979302399991866
0.009514688000308524
0.010827839999819844
0.009399840000241966
0.009655199999997421
0.009807200000068406
0.011155008000059752
0.012128384000334336
0.008283072000267566
0.013868896000076347
0.009097344000110752
0.007446559999607416
0.008777215999998589
0.009492511999724229
0.00944502399988778
0.010558208000020386
0.009431872000277508
0.009279135999804566
0.010935935999896174
0.008674847999827762
0.009594272000413184
0.009817824000037945
0.010435168000185513
0.010568831999989925
0.012172480000117503
0.009904640000058862
0.007867840000017168
0.010049888000139617
0.01016224000022703
0.009960224000224116
0.00970902400013074
0.011979231999703188
0.007812255999851914
0.011099648000254092
0.008196287999908236
0.011404959999708808
0.009084832000098686
0.010232447999896976
0.009430560000055266
0.011588928000037413
