no change     /home/alex/archiconda3/condabin/conda
no change     /home/alex/archiconda3/bin/conda
no change     /home/alex/archiconda3/bin/conda-env
no change     /home/alex/archiconda3/bin/activate
no change     /home/alex/archiconda3/bin/deactivate
no change     /home/alex/archiconda3/etc/profile.d/conda.sh
no change     /home/alex/archiconda3/etc/fish/conf.d/conda.fish
no change     /home/alex/archiconda3/shell/condabin/Conda.psm1
no change     /home/alex/archiconda3/shell/condabin/conda-hook.ps1
no change     /home/alex/archiconda3/lib/python3.7/site-packages/xontrib/conda.xsh
no change     /home/alex/archiconda3/etc/profile.d/conda.csh
no change     /home/alex/.bashrc
No action taken.
0.20306239999990794
0.008231423999859544
0.010490176000075735
0.007039711999823339
0.031548991999898135
0.008319839999785472
0.012507871999787312
0.012088383999980579
0.01036595200002921
0.013624256000184687
0.012541791999865382
0.00460259200008295
0.021191039999848726
0.005304479999722389
0.022604671999943093
0.004317344000355661
0.027983519999907003
0.003423648000079993
0.006700863999867579
0.00410511999962182
0.004773952000050485
0.004948640000293381
0.006887008000376227
0.007437887999913073
0.01289760000008755
0.006337247999908868
0.01717791999999463
0.008674015999986295
0.009305215999575012
0.019769215999986045
0.012122975999773189
0.02243791999990208
0.01417388799973196
0.001628832000278635
0.004028223999739566
0.002653888000168081
0.005174368000098184
0.005934239999987767
0.013571936000062124
0.0027201920001971303
0.01807007999968846
0.003368224000041664
0.00712703999988662
0.018147744000089006
0.014084895999985747
0.013629951999973855
0.009556576000250061
0.010333407999951305
0.0157393280001088
0.008422368000083225
0.0043459519997668394
0.00626345599994238
0.009605759999885777
0.004964480000126059
0.010008224000102928
0.014408064000235754
0.012776928000221233
0.0021087039999656554
0.0176996479999616
0.004132640000079846
0.007080000000314612
0.0069059200000083365
0.013888160000078642
0.01152457600028356
0.010721247999754269
0.009037311999691156
0.013596287999916967
0.008939296000335162
0.010784831999899325
0.004759487999763223
0.0192248319999635
0.0049952959998336155
0.01626265599998078
0.005569439999817405
0.017346143999930064
0.0019814080001197
0.012813279999591032
0.011261472000114736
0.013434112000140885
0.007567615999960253
0.16743171200005236
0.11100947199975053
0.05453945599992949
0.0025432959996578575
0.007642783999926905
0.0016097279999485181
0.011107679999895481
0.0008619839995844814
0.033391263999874354
0.011282336000022042
0.0075521280000430124
0.006986047999816947
0.018094015999849944
0.011734272000012425
0.017580224000084854
0.00998291199994128
0.011523935999775858
0.004871903999628557
0.016010080000341986
0.01289875199972812
0.011809664000338671
0.008982112000012421
0.010230560000309197
0.010469056000147248
0.007891424000263214
0.009312864000094123
0.011242783999932726
0.008080575999883877
0.00800329599996985
0.0077490879998549644
0.013635264000185998
0.005156480000096053
0.020656800000324438
0.006452703999912046
0.015404895999836299
0.003380128000117111
0.008730560000003607
0.007355424000252242
0.014739008000105969
0.013854528000138089
0.014217760000065027
0.011055552000016178
Starting AlexTelepath ...
0.010286272000030294
0.0035350719999769353
0.0029844800001228577
0.003430943999774172
0.0029063040001346963
0.002346880000004603
0.003947199999856821
0.0025312959996881546
0.0038377280002350744
0.0024759679999988293
0.003916447999927186
0.0024027520003073732
0.0038936000000830973
0.0025171520001094905
0.004360064000138664
0.002592704000107915
0.0038424640001721855
0.0024898239998947247
0.0038683839998157055
0.002360544000111986
0.0038251519999903394
0.0023117760001696297
0.003557535999789252
0.0023493120002058276
0.004713472000275942
0.001318752000315726
0.0037227840002742596
0.0024403840002378274
0.003874592000101984
0.002532032000090112
0.005756479999945441
0.0024251199997706863
0.003616383999997197
0.00222457600011694
0.0050270080000700545
0.0013593919998129422
0.004585151999890513
0.0012749120000989933
0.005190591999962635
0.0014681600000585604
0.00482287999966502
0.002674784000191721
0.003581600000416074
0.0021649280001838633
0.002973952000047575
0.0032594240001344588
0.0035561600002438354
0.0023339839999607648
0.003732224000032147
0.002277536000292457
0.003599359999952867
0.002424799999971583
0.003638495999894076
0.0013463680002132605
0.004712256000402704
0.0021931840001343517
0.0026631999999153777
0.003230688000257942
0.0027468480002426077
0.003098015999967174
0.00360467200016501
0.002266464000058477
0.0037350719999267312
0.0022885440002937685
0.002615551999952004
0.0023988799998733157
0.00347881600009714
0.0031125119999160233
0.003695968000101857
0.0023645760002182215
0.003587359999983164
0.0022105919997557066
0.004223999999794614
0.010346624000248994
0.008564639999804058
0.00987606400030927
0.010491552000075899
0.010630815999775223
0.009212575999754335
0.00995574399985344
0.009558751999975357
0.01053033600010167
0.010189376000198536
0.00970934400038459
0.009422495999842795
0.012311231999774463
0.008147263999944698
0.010407872000087082
0.009391584000240982
0.010107328000231064
0.009880927999802225
0.01036415999988094
0.011000704000252881
0.009541664000153105
0.011965023999891855
0.007177631999638834
0.010165888000301493
0.009949568000138242
0.009785312000076374
0.009953472000233887
0.009964255999875604
0.010191328000018984
0.010684544000014284
0.009064672000022256
0.010279264000018884
0.009906752000006236
0.01080828800013478
0.008958016000178759
0.01095859199995175
0.009049888000390638
0.011078976000135299
0.009029247999933432
0.010720704000050318
0.00912099200013472
0.011349343999881967
0.009960895999938657
0.009998720000112371
0.009797056000024895
0.009926559999712481
0.010147520000373333
0.010015263999775925
0.00985465599978852
0.009792352000204119
0.010137695999674179
0.00995286399984252
0.010054719999970985
0.009520031999727507
0.01012025599993649
0.010135616000297887
0.009670943999935844
0.009783616000277107
0.009862240000074962
0.010375136000220664
0.010330464000162465
0.012005023999790865
0.008277792000171758
0.00923116800004209
0.009569792000093003
0.012048768000113341
0.008049503999700391
0.010559711999576393
0.011091232000126183
0.008592319999934261
0.010574752000138687
0.008837183999730769
0.010895712000092317
0.00872585600018283
0.010170848000143451
0.00994271999979901
0.01017920000003869
0.010031360000084533
0.009783199999674252
0.009847008000178903
0.010027551999883144
0.009766207999746257
0.010480223999820737
0.009605696000107855
0.009948064000127488
0.01011369600018952
0.009817536000355176
0.009992480000164505
0.0099505279999903
0.010054943999875832
0.009600352000234125
0.010229568000340805
0.009790239999801997
0.010725984000146127
0.010533024000324076
0.009747199999765144
0.010594752000088192
0.01000767999994423
0.00934694399984437
0.008864767999966716
0.010082815999794548
0.009861311999884492
0.009994175999963772
0.010201823999977933
0.010611168000195903
0.009102848000111408
0.009893535999708547
0.010888927999985754
0.0091786879997926
0.009908928000186279
0.00994959999979983
0.01006803200016293
0.009906016000059026
0.010121408000031806
0.009820544000376685
0.011744127999918419
0.008366944000044896
0.01104719999966619
0.012335328000062873
0.009269504000258166
0.00831203200004893
0.00928425599977345
0.010632607999923493
0.011108927999885054
0.013247360000150366
0.005987583999740309
0.00965942399989217
0.009477439999955095
0.010560832000010123
0.008586464000018168
0.01216422400011652
0.007818879999831552
0.011513536000165914
0.009405823999713903
0.009997504000239132
0.008817184000236011
0.012153983999724005
0.007849984000131371
0.011197631999948499
0.00867238399996495
0.011303935999876558
0.008865952000178368
0.01143718399998761
0.008347391999905085
0.011778080000112823
0.008873376000337885
0.010458047999691189
0.008872160000009899
0.011252607999722386
0.011362688000190246
0.008166271999925812
0.009519200000340788
0.00987260800002332
0.010430975999952352
0.0090167680000377
0.009919968000303925
0.010468767999554984
0.009599775999959093
0.010248608000438253
0.010109568000189029
0.00982988799978557
0.00968124800010628
0.010164320000058069
0.009829888000240317
0.010255231999963144
0.00993916800007355
0.010178080000059708
0.009871296000255825
0.010460800000146264
0.009786848000203463
0.00982780799995453
0.014776095999877725
0.005256095999811805
0.011462080000001151
0.008280447999823082
0.0158548479998899
0.004560255999876972
0.011645471999599977
0.008643583999855764
0.011677760000111448
0.007675360000121145
0.010185120000187453
0.009562559999721998
0.011429887999838684
0.008476191999761795
0.011146975999963615
0.008848192000186827
0.010995615999945585
0.008745663999889075
0.01051897600018492
0.0097917440002675
0.01016371200012145
0.014110528000401246
0.006062527999802114
0.010303039999598695
0.008863967999786837
0.0106816960001197
0.008840479999889794
0.009906815999784158
0.008670528000038757
0.009936415999618475
0.009986527999899408
0.011071519999859447
0.009109952000017074
0.010732319999988249
0.008934015999784606
0.009953503999895474
0.010133983999821794
0.010006048000377632
0.01019798399966021
0.009516192000319279
0.009981728000184376
0.01029532799975641
0.01110975999972652
0.00848041600011129
0.014662335999673815
0.006424608000088483
0.010080735999963508
0.011155231999964599
0.00857971200002794
0.009865247999641724
0.009709792000194284
0.010481727999831492
0.010428671999761718
0.009832799999912822
0.00926307200006704
0.011059455999657075
0.009338400000160618
0.011393664000024728
0.008083136000095692
0.01049235199980103
0.01479715200002829
0.005580416000157129
0.008792767999693751
0.010802847999912046
0.011824543999864545
0.010068351999962033
0.007194752000032167
0.010681344000204263
0.009123039999849425
0.013592415999937657
0.006157375999919168
0.011500575999889406
0.00887481600011597
0.012609056000201235
0.008525504000317596
0.009299327999997331
0.01003104000028543
0.01412614399987433
0.007469855999715946
0.008412415999828227
0.00921987200035801
0.010644320000210428
0.009438879999834171
0.010145632000330806
0.01432457600003545
0.0055629120001867705
0.010166368000227521
0.010113024000020232
0.011569503999908193
0.008187039999938861
0.010545376000209217
0.009741503999975976
0.01056585600008475
0.008545247999791172
0.011983328000042093
0.009511680000287015
0.010891615999753412
0.008947776000240992
0.011689183999806119
0.013435615999696893
0.005327520000264485
0.009652800000367279
0.01065827200000058
0.009721440000248549
0.011492992000057711
0.007848352000110026
0.011083679999956075
0.00989129600020533
0.00953929600018455
0.009914751999986038
0.00976918400010618
0.009561568000208354
0.009199296000133472
0.0102151999999478
0.009740255999986402
0.010066208000353072
0.012927967999985412
0.006828063999819278
0.010502655999971466
0.009268320000046515
0.015369760000339738
0.009970847999738908
0.005031872000017756
0.009628320000047097
0.010530911999921955
0.012461247999908664
0.006812768000145297
0.010121152000010625
0.011492927999825042
0.00910764799982644
0.014903232000051503
0.00560905600013939
0.008279615999981615
0.010000672000387567
0.011684256000080495
0.008425567999893246
0.01039286400009587
0.010148064000077284
0.009494079999967653
0.01009040000008099
0.011648352000065643
0.007973664000019198
0.010280416000114201
0.010212831999979244
0.009949375999894983
0.010451392000049964
0.008984479999980977
0.010387136000190367
0.00942419200009681
0.010073792000184767
0.009960991999832913
0.010361439999996946
0.009566367999923386
0.016392831999837654
0.006530784000005951
0.008197536000352557
0.009449855999719148
0.009272864000195113
0.009935391999988497
0.009722976000375638
0.010454879999997502
0.009715040000173758
0.00975321600026291
0.010016543999881833
0.01127526400023271
0.008359680000012304
0.011526239999966492
0.008532991999800288
0.011967840000124852
0.012306592000186356
0.011626848000105383
0.005969407999600662
0.009569440000177565
0.010289472000295063
0.011606623999796284
0.007771359999878769
0.00972451200004798
0.010142176000044856
0.009998623999763367
0.010028415999840945
0.009775519999948301
0.010494111999832967
0.009340287999748398
0.010732639999787352
0.010062016000119911
0.009172384000066813
0.010506463999718108
0.010562336000020878
0.00888089599993691
0.010368096000092919
0.009454016000290721
0.010114272000009805
0.009509183999853121
0.010036768000190932
0.010247520000120858
0.012427136000042083
0.00815385600026275
0.009884896000130539
0.010342560000026424
0.009005279999655613
0.012034784000206855
0.0076776320001954446
0.010621280000123079
0.009371199999804958
0.01025091200017414
0.00977392000004329
0.011847200000374869
0.008089696000297408
0.010478559999683057
0.009659840000040276
0.010496032000446576
0.011367904000053386
0.008603423999829829
0.011715999999978521
0.007854975999634917
0.01201225600016187
0.007839711999622523
0.010036736000074598
0.01115088000005926
0.009384768000018084
0.008031711999592517
0.011051680000036868
0.010412447999897267
0.010396640000180923
0.008917183999983536
0.014808383999934449
0.005305151999891677
0.00977446399974724
0.009898239999984071
0.00985036800011585
0.011044959999708226
0.009430015999896568
0.009886880000067322
0.009585151999999653
0.009521439999844006
0.01067929600003481
0.00976931200011677
0.009345855999981723
0.014203551999798947
0.005899583999962488
0.01320627199993396
0.006618047999836563
0.011234560000048077
0.01091974399969331
0.010599584000374307
0.008616959999926621
0.009786943999642972
0.010156320000078267
0.010448576000271714
0.008276479999949515
0.011306079999940266
0.009452607999719476
0.011169888000040373
0.009124447999965923
0.009503423999831284
0.010168799999973999
0.010339680000015505
0.009611135999875842
0.009968735999791534
0.010415519999696699
0.009266720000141504
0.011519072000282904
0.009954368000308023
0.008579551999901014
0.01140854400000535
0.009462015999815776
0.008888256000318506
0.012315263999880699
0.007709567999881983
0.009854207999978826
0.0107115519999752
0.009685215999979846
0.010308767999958945
0.009653504000198154
0.010038911999799893
0.010700352000185376
0.009244864000265807
0.010971839999911026
0.009882879999622673
0.00977139199994781
0.00947760000008202
0.01017113599982622
0.009532735999982833
0.010360511999806477
0.010067936000268674
0.009923520000029384
0.00964867199991204
0.011161920000176906
0.008966687999873102
0.011315455999920232
0.009207615999912377
0.009398432000125467
0.009664608000093722
0.010514143999898806
0.009936672000094404
0.01130304000025717
0.007376991999990423
0.01088895999964734
0.009639679999963846
0.010361888000261388
0.009212671999648592
0.009679648000201269
0.01008739200005948
0.009907904000101553
0.01012444800016965
0.01019455999994534
0.00986854399980075
0.00998249600024792
0.010643392000019958
0.009416031999990082
0.010464479999882315
0.008871807999639714
0.011099232000105985
0.009427359999790497
0.010455904000082228
0.009002943999803392
0.011232576000111294
0.009349760000077367
0.010184799999933603
0.0107429120002962
0.00978835199975947
0.010559423999893625
0.009242847999757942
0.01194188799991025
0.00837900799979252
0.00987660800001322
0.009231391999946936
0.010186271999828023
0.009902463999878819
0.01282095999977173
0.008290144000056898
0.008805567999843333
0.013656319999881816
0.0066816000003200315
0.009778879999885248
0.010249087999909534
0.009595168000032572
0.010207487999650766
0.01130892799983485
0.008455583999875671
0.01158694400010063
0.008233887999722356
0.014423359999909735
0.005691424000360712
0.010127967999778775
0.009758816000157822
0.010488703999726567
0.009505247999641142
0.00989590400013185
0.010588544000256661
0.009597887999916566
0.01000467199992272
0.010886879999816301
0.00900870399982523
0.01273062399968694
0.007313055999929929
0.009854272000211495
0.010947327999929257
0.011651744000118924
0.00736905600024329
0.01244345599980079
0.012108351999813749
0.005438752000372915
0.009920127999976103
0.01023702400016191
0.009945792000053189
0.010188992000166763
0.00981171200010067
0.009285696000006283
0.010260288000154105
0.009908607999932428
0.010276671999690734
0.010523199999624921
0.009146879999661905
0.010435808000238467
0.009413759999915783
0.009975583999676019
0.012486879999869416
0.007488256000215188
0.010116672000094695
0.010448288000134198
0.00961849599980269
0.009323872000095434
0.010144479999780742
0.011754719999771623
0.008407648000229528
0.010214656000243849
0.00922588799994628
0.012418912000157434
0.007480287999896973
0.011328992000017024
0.008577408000292053
0.011110399999779474
0.009831167999891477
0.0101736639999217
0.0098201920000065
0.010210464000010688
0.010164704000089841
0.01013647999980094
0.009629952000068442
0.009781440000097064
0.010231199999907403
0.009510143999705178
0.010635743999955594
0.011721664000106102
0.008119584000269242
0.011171647999617562
0.008246719999988272
0.011190463999810163
0.009388255999965622
0.009411519999957818
0.009903136000048107
0.010338367999793263
0.010033151999778056
0.009540256000036607
0.012028415999793651
0.00837545600006706
0.010797472000376729
0.008718015999875206
0.00953635200039571
0.010318495999854349
0.009383231999890995
0.010874847999730264
0.009209280000050057
0.010076671999740938
0.010272384000018064
0.010442880000027799
0.009642591999636352
0.011078720000114117
0.008886080000138463
0.009237216000201443
0.010133216000212997
0.012072896000063338
0.012141568000060943
0.005746175999775005
0.011301728000034927
0.009620192000056704
0.009145919999809848
0.010022464000030595
0.010183647999838286
0.00941190399998959
0.010071648000121058
0.00968553599977895
0.009749631999966368
0.010145983999791497
0.010635199999796896
0.009728639999593724
0.009723808000217105
0.010836255999947753
0.008838815999752114
0.010911519999808661
0.011811968000074557
0.0069007360002615314
0.010492576000160625
0.009448287999930471
0.010490176000075735
0.009615039999971486
0.00981651200027045
0.010227232000033837
0.010679487999823323
0.00953449600001477
0.00952867200021501
0.01073078399986116
0.009436991999791644
0.010701247999804764
0.009079872000256728
0.011216351999792096
0.010847840000224096
0.011553184000149486
0.007215776000066398
0.009958208000170998
0.009893120000015188
0.00987772800044695
0.01184560000001511
0.008956767999734438
0.009317951999946672
0.012815168000088306
0.007285696000053576
0.00991827200004991
0.010206559999915044
0.010881312000037724
0.011740288000055443
0.007072255999901245
0.009746048000124574
0.009906208000302286
0.010213760000169714
0.015397216000110348
0.0072040640002342116
0.007589631999962876
0.010514015999888215
0.009987583999645722
0.009453536000364693
0.010745311999926344
0.00911932799999704
0.011451296000359434
0.007056128000385797
0.01288672000009683
0.008612288000222179
0.009844799999882525
0.010983487999965291
0.008953439999913826
0.009743231999891577
0.01049721600020348
0.010123328000190668
0.009752672000104212
0.010012799999913113
0.010872095999729936
0.009191008000016154
0.009721760000047652
0.009857504000137851
0.00985705599987341
0.010321088000182499
0.009349888000087958
0.010211423999862745
0.010163616000227194
0.00961683199966501
0.009944960000211722
0.011152927999773965
0.00842527999975573
0.00987273600003391
0.011228255999867542
0.009227903999999398
0.009751072000199201
0.009937343999808945
0.009612479999759671
0.010476511999968352
0.009437471999717673
0.010175616000196896
0.009915520000049582
0.010692672000004677
0.009494687999904272
0.01010441600010381
0.009494240000094578
0.009882943999855343
0.010510879999856115
0.009344128000066121
0.010832255999957852
0.009133600000041042
0.01144438400024228
0.009105472000101145
0.010962400000153139
0.009279936000439193
0.010632287999669643
0.009638944000016636
0.010162367999782873
0.009981312000036269
0.010212224000042625
0.009406464000221604
0.010138912000002165
0.010984863999965455
0.008654143999592634
0.01109907199997906
0.009108351999657316
0.010069888000089122
0.00980963200026963
0.009858911999799602
0.00997823999978209
0.009814879999794357
0.010504800000035175
0.009534880000046542
0.00994758400020146
0.00985164799976701
0.010280768000029639
0.010026111999650311
0.011455935999947542
0.008371167999939644
0.0103495359999215
0.009854207999978826
0.009812831999624905
0.011273663999872952
0.009536415999718884
0.009337759999652917
0.01128748800010726
0.008695071999682114
0.00979856000003565
0.010240671999781625
0.009536479999951553
0.010575999999673513
0.009449376000247867
0.010562111999661283
0.010178304000419303
0.009073887999875296
0.009638720000111789
0.010280735999913304
0.013326464000328997
0.007560768000075768
0.008929344000080164
0.01163481599996885
0.010562495999693056
0.008324895999976434
0.008651424000163388
0.010761856000044645
0.009449055999994016
0.010599295999782044
0.00997142400001394
0.00999244800004817
0.008923199999571807
0.010382911999840871
0.009912095999879966
0.009576928000115004
0.009979328000099486
0.010068607999983215
0.009854079999968235
0.009931200000210083
0.011120640000171989
0.00911056000040844
0.009918720000314352
0.009807936000015616
0.010671391999949265
0.010031647999767301
0.016078143999948225
0.0042194239999844285
0.011705824000273424
0.009042367999882117
0.008920543999920483
0.010355712000091444
0.009975615999792353
0.009760383999946498
0.013836031999744591
0.006778527999813377
0.00937344000021767
0.009842144000231201
0.009872959999938757
0.010483904000011535
0.010102720000304544
0.009480384000198683
0.011390848000246478
0.008562240000173915
0.008955968000009307
0.011215743999855476
0.009744127999965713
0.010134304000075645
0.010477503999936744
0.009810912000375538
0.00978259200019238
0.009690783999758423
0.011884640000062063
0.008451424000213592
0.009298783999838633
0.011804383999788115
0.00960179200001221
0.009945087999767566
0.009206303999690135
0.009871232000023156
0.009887839999919379
0.010607551999783027
0.00982726400025058
0.011985568000000058
0.007577024000056554
0.013741727999786235
0.007103232000190474
0.00893977600026119
0.011141536000195629
0.00920019199975286
0.010031616000105714
0.015714784000010695
0.005513631999747304
0.008232959999986633
0.010099296000134927
0.009994175999963772
0.01000307200001771
0.011152319999837346
0.009000160000141477
0.009695744000055129
0.00964627199982715
0.01286668800003099
0.007187167999745725
0.010129215999768348
0.009257919999981823
0.01052620799964643
0.009256448000087403
0.010880000000270229
0.009059327999693778
0.011397952000152145
0.009073088000150165
0.010118047999640112
0.009378111999922112
0.009837695999976859
0.016435007999916706
0.004316447999826778
0.009412992000306986
0.01151756800027215
